0.01323216
0.01494689
0.00611565
0.00677376
0.00551281
0.00628297
0.01359518
0.02176832
0.01532462
0.01172023
0.02721775
0.03639731
0.04464041
0.02523784
0.06660038
0.03922343
0.02232502
0.01880733
0.02620168
0.0431584
0.07659878
0.05714297
0.03141282
0.031932
0.02854766
0.01913791
0.0187617
0.0091243
0.0127079
0.01522474
0.0158722
0.0160096
0.01029855
0.01360025
0.01231243
0.02021988
0.01233677
0.01102511
0.0110464
0.0061841
0.01035635
0.00732945
0.00954664
0.01173189
0.01065701
0.01643804
0.02054083
0.01882153
