0.05309484
0.01383363
0.00846143
0.0020365
0.00418099
0.0044141
0.00459
0.01566909
0.01306373
0.0076525
0.06920182
0.012798
0.00972054
0.01443244
0.01834717
0.06084572
0.05900116
0.01698434
0.07229211
0.16118843
0.0592316
0.01232751
0.01093206
0.03698626
0.02164117
0.00673129
0.02001048
0.01209279
0.00751081
0.01332945
0.01244834
0.00656341
0.00731299
0.00384523
0.00680133
0.00859295
0.0117426
0.00661473
0.00842186
0.0130803
0.00991729
0.01771147
0.00846838
0.00580634
0.01828301
0.0114619
0.01263761
0.00768832
