0.01647998
0.01508241
0.02519176
0.01612688
0.04301094
0.04763092
0.03892211
0.02935082
0.02241443
0.13450242
0.06778729
0.06078859
0.01970041
0.01563729
0.01628612
0.03121028
0.02322547
0.01847494
0.02540639
0.01208453
0.024898
0.01412895
0.01167604
0.01395289
0.01408839
0.00504231
0.00659615
0.01170868
0.00905795
0.0082123
0.01275413
0.02214343
0.00651109
0.0113714
0.00491768
0.01288667
0.0126394
0.00658625
0.00844572
0.01092236
0.01010044
0.01096094
0.01323581
0.01014396
0.01842252
0.01162263
0.01182737
0.00583258