930726
0.0726604822472
0.0262408055647
0.0298358485741
0.0428117405122
0.0100222836796
0.0331773260874
0.0177764454845
0.00827418595806
0.00757580641349
0.0124666120856
0.0187477302665
0.0171564993349
0.0322049668753
0.0105831361754
0.0104112273644
0.0729194198937
0.00684411953679
0.018599458917
0.0385365832694
0.00532809871004
0.00673130437959
0.00747266112691
0.0385870814826
0.0415041591188
0.00947754763486
0.0179494287255
0.00420854257859
0.0111461375313
0.00534958731141
0.00738133457108
0.0141298298318
0.0111815937236
0.00244110511579
0.00419027726742
0.0204657439461
0.0258787226316
0.0310886340341
0.0187466558364
0.0203056538659
0.022736014681
0.0156598182494
0.0190743570073
0.0283090834467
0.00918422822614
0.01504202096
0.0264814779
0.0305406746991
0.0425635471664
