769813
0.0691986235618
0.0424297848958
0.0111156865369
0.0205231660156
0.0110156622452
0.00701209254715
0.0219040208466
0.00863586351491
0.0174574864285
0.0132733533988
0.0113988721936
0.0112871567511
0.0126563204311
0.0156063875253
0.0158415095614
0.0208011556053
0.0140397732956
0.0231186015305
0.0156947206659
0.0228471070247
0.0702131556625
0.0209076749808
0.0212246350737
0.0219455893834
0.0195956680389
0.0420309867461
0.0323481157112
0.060113300243
0.0116716657162
0.0279509439305
0.0244371035563
0.00633270677424
0.0175081480827
0.0190877524801
0.00764990978329
0.0165247923846
0.022327500315
0.00848387855232
0.0172808201472
0.0119743366246
0.0114586269653
0.026659721257
0.00846049625039
0.0179316275511
0.0269883725009
0.0164702336801
0.0171768988053
0.00938799422717
