1709854
0.0138649264791
0.00289381432567
0.0254208838883
0.100702165214
0.00922359452912
0.011532563599
0.138112376846
0.0174202007891
0.0143275390764
0.00706025192794
0.0326033684747
0.00569463825566
0.0101090502464
0.0102652039297
0.223507972026
0.0945028055027
0.0166172082529
0.0423194027092
0.0149995262753
0.00307277697394
0.00202473427556
0.00406759875405
0.0032148943711
0.0044571056944
0.0245126192061
0.00455886876891
0.00152878549864
0.00463489865217
0.00288562649209
0.00171827536152
0.00474484956025
0.00259554324521
0.0010147065188
0.0213544548248
0.00844692002943
0.023087936163
0.00644207049257
0.00308681326008
0.00849546218566
0.0026341430321
0.00313301603529
0.0054560213913
0.00933296059196
0.00732635651933
0.00796325300289
0.00365352831294
0.0244705103477
0.00890777809099
