1148929
0.0189315440728
0.0116699987554
0.0307590808483
0.00535281118328
0.00751308392425
0.0133097867666
0.00602561167835
0.00506906867178
0.00511258746189
0.00901361180717
0.00941224392456
0.0135291214688
0.0119937785538
0.0227246418186
0.000804227241196
0.00874727681171
0.0184528373816
0.0110729209551
0.0152489840538
0.033351930363
0.0057209801476
0.00489151200814
0.0223721396187
0.0141261992691
0.0202545152921
0.00782990071623
0.00568529473971
0.0321081633417
0.0143072374359
0.00907279736172
0.0297172410132
0.0119981304328
0.152277468843
0.0373121402628
0.0179471490405
0.0111764956755
0.01289026563
0.0303265040747
0.0280556936068
0.0104549541355
0.0176607954016
0.0664009699468
0.0116821840166
0.0222241757324
0.0177278143384
0.0373974370914
0.0127022644567
0.0775844286287
