242242
0.0279348750423
0.0193153953485
0.00716638733168
0.0185558243409
0.0177879971268
0.0219697657714
0.0335903765656
0.0184650060683
0.06994245424
0.0132016743587
0.0108734240966
0.0128260169582
0.0135236664162
0.0129416038507
0.00449963259881
0.00828510332643
0.0064769940803
0.00589905961807
0.00830574384293
0.00413223140496
0.0135236664162
0.00819841315709
0.0488230777487
0.00135401788294
0.0196126187862
0.00438404570636
0.0450871442607
0.0310515930351
0.0358236804518
0.0159262225378
0.0488767430916
0.00443771104928
0.013507154003
0.0072200526746
0.00235714698525
0.00392582623988
0.0034882472899
0.0895757135427
0.00713336250526
0.0247479792934
0.00245209336118
0.0517787997127
0.0437331263778
0.0118476564758
0.031324047853
0.0131314966026
0.0337018353547
0.0472832952172
