1046964
0.0389115576085
0.0626010063383
0.0181754100428
0.0308090822607
0.0160110567317
0.0136738225956
0.0235414016146
0.00879208836216
0.00733072006296
0.00627433225975
0.0180827612029
0.0305626554495
0.0368283914251
0.0122134094391
0.0288023274917
0.0195727837824
0.024183257495
0.0817191422055
0.0190503207369
0.0118857955001
0.0176443507131
0.0292789436886
0.0063918148093
0.00427235320412
0.0031290474171
0.00366965817354
0.0137731574343
0.0113022033231
0.0377033021193
0.0374291761703
0.0296992064675
0.04303681884
0.0289713877459
0.00446433688264
0.0016036845584
0.00300487886881
0.0178688092427
0.00464390370634
0.00254354495475
0.0313248593075
0.0642171077516
0.0108542414066
0.0028119400476
0.00872904894533
0.00937759082452
0.020628216443
0.00611864400304
0.036486450346
