531649
0.125481285585
0.0130537252962
0.00815951878025
0.0388376541666
0.019770562909
0.00867301546697
0.0318593658598
0.059458402066
0.0131270819657
0.00920720249638
0.00179629793341
0.00510675276357
0.00477382634031
0.00426973435481
0.0103677426272
0.00168532245899
0.00477194540007
0.00505784831722
0.00226089017378
0.00361328620951
0.0121170170545
0.00227781863598
0.00506725301844
0.00740714268248
0.00233048496282
0.020263369253
0.0134411989865
0.0273752043171
0.00470423155127
0.0039857123779
0.0249318629396
0.00679019428232
0.121770190483
0.0374589249674
0.0197686819687
0.0073356669532
0.00249600770433
0.00535127499534
0.00965486627455
0.00502399139282
0.00998403081732
0.0439632163326
0.049545846978
0.0717541084437
0.00598138997722
0.0522054964836
0.0385479893689
0.0171353656266
