874978
0.0626392892164
0.0298933230321
0.0118174399813
0.0106962689348
0.0469840384558
0.0143877903216
0.0124483129862
0.0107191266523
0.00505612712548
0.020655376478
0.0144540777025
0.0101465408273
0.00681159983451
0.00505041269609
0.0416959054971
0.028636148566
0.102329429997
0.0615044035393
0.00638873205955
0.00510869987588
0.0178873068809
0.00319093737214
0.0143809330063
0.00575671616886
0.0149512330596
0.00302864757742
0.0039978148022
0.00492698102124
0.0613809718644
0.0183627474062
0.00829392281863
0.0446811234111
0.0263400908366
0.0396935694383
0.00273149724907
0.00557499731422
0.012994612436
0.0348385902274
0.0156061066678
0.0153409571441
0.0126048883515
0.00518527322973
0.0213148216298
0.0232040119866
0.0302361887956
0.0188839033667
0.024815481075
0.0023726310833
