1984999
0.127958250861
0.137615182678
0.0250493828964
0.0314806203933
0.00846146521988
0.0608237082235
0.0671758524815
0.0503158943657
0.0127133565307
0.0161274640441
0.01736272915
0.0146025262481
0.0069969808549
0.022879104725
0.00324987569263
0.00826801424081
0.00625693010425
0.0164302349774
0.0092851432167
0.00441461179577
0.0123692757528
0.00998589923723
0.00593199291284
0.00883426137746
0.0391461154388
0.0068926986865
0.00737582235558
0.0176176411172
0.00601662771619
0.0268917012049
0.0217390537728
0.0107133555231
0.021149632821
0.00331435935232
0.00333400671738
0.0106131035834
0.00943476545832
0.00664836606971
0.00852645265816
0.0157188996065
0.00713854263906
0.0145239367879
0.0189365334693
0.016860965673
0.004854410506
0.0154045417655
0.0109778392835
0.0115818698145
