1293660
0.0245381321213
0.0245041200934
0.0171667980768
0.0222693752609
0.0348314085618
0.00403506330875
0.0116212915295
0.0134347510165
0.0081157336549
0.00971893696953
0.0056135306031
0.0280220459781
0.119583971059
0.0179266576999
0.0145393689223
0.00334554674335
0.00781503640833
0.0128148045081
0.0167648377472
0.0304005689285
0.122685249602
0.0188650804694
0.00925900159238
0.00543960546048
0.0224123803782
0.0116290215358
0.0561569500487
0.0116908615865
0.00341898180357
0.0243015939273
0.00940587171281
0.00525408530835
0.0228166597097
0.0143492107664
0.00573334570134
0.0173639132384
0.00878901720699
0.0180565218063
0.012002380842
0.00558647558091
0.015371890605
0.00755453519472
0.0288746656772
0.0300364856299
0.0160961921989
0.00902787440286
0.0174466243062
0.0433135445171
