784989
0.0334246721929
0.0114969763908
0.0254003559286
0.0100396311286
0.00668544399985
0.00867655470331
0.00427012353039
0.00308029794048
0.00358985922096
0.0065249321965
0.00386757011882
0.00467395084517
0.00607397046328
0.00495038783983
0.00464974668435
0.00369941489626
0.00591855427274
0.0243735899484
0.00913898156535
0.00343316912721
0.00634276403873
0.00518478602885
0.00601154920642
0.0111326400752
0.0021414312812
0.00233761237419
0.00632238158751
0.00661792713019
0.007268891666
0.0454503184121
0.0245048019781
0.00487522755096
0.00586632424149
0.00782049175211
0.00423063253116
0.010054917967
0.00306246329566
0.00499370054867
0.0764418354907
0.181812738777
0.047456715954
0.00841667845027
0.0212690878471
0.203562088131
0.0102791249304
0.00944726614004
0.0107721254693
0.0823552941506
