946644
0.0377428051094
0.0180131073561
0.0606415928269
0.111296326813
0.102633091215
0.0677445797998
0.0331074828552
0.0350247822835
0.0285292042204
0.0339261644293
0.00763645045022
0.0229928040531
0.0211483936939
0.00558710560675
0.0319602722882
0.00683150159933
0.00499976760007
0.0115682347324
0.0101368624319
0.0137168777281
0.00322190813019
0.0200603394729
0.0047494094929
0.0121112054796
0.00452440410545
0.00466067497391
0.0023472393001
0.00377649887392
0.00478426948251
0.0766317644225
0.00871182831138
0.00754454684126
0.00563358559289
0.00833153751569
0.00334233354883
0.00432263871107
0.00510962938549
0.0352814785706
0.00260076649723
0.00214758663236
0.0026092174038
0.0104484896117
0.00558393651679
0.0289897786285
0.0078973721906
0.0115006274798
0.0244431908933
0.0233963348418
