360345
0.0932911515353
0.0150716674298
0.0295189332445
0.0390292636224
0.00329406540954
0.0128404723251
0.0144389404598
0.0250593181534
0.0251120454009
0.0321830468024
0.0153686050868
0.0730383382592
0.0361098391819
0.00795071389918
0.0280453454328
0.00509511717937
0.0582913596692
0.00744286725222
0.00564181548238
0.00746784331682
0.0250759688632
0.00520612191095
0.00661865712026
0.00291664932218
0.00931884721586
0.0100653540357
0.0055335858691
0.00620793961343
0.0208799900096
0.00596372920396
0.0132289888857
0.00607750905382
0.0375029485632
0.00682401587368
0.0303431433765
0.0755636959025
0.00429033287544
0.0167422886401
0.00251425717021
0.0138950172751
0.00399062010018
0.0039850698636
0.00420707932676
0.00701549903565
0.0156821934535
0.00875272308482
0.00277789340771
0.114529131804
