715491
0.0617967242076
0.00419152721697
0.0139987784612
0.0022110690421
0.0343749956324
0.00662062835172
0.00283441720441
0.00778765910403
0.00190778081066
0.00318941817577
0.00450599658137
0.00712657461799
0.00149128360804
0.00471284754106
0.00635787172725
0.0116437523323
0.024928335926
0.00791903741626
0.00343121017595
0.00320898515844
0.00488615510188
0.00668072694136
0.00477434377232
0.00406154654636
0.0307411274216
0.00991347200733
0.00887921720888
0.012768853836
0.0140351171433
0.0060825363282
0.0151406516644
0.0114159367483
0.0268039709794
0.154122134311
0.0829150890787
0.120687751488
0.0104487687476
0.0145354728431
0.00605458349581
0.0240813651045
0.0455211875481
0.0131280477323
0.0205732846395
0.00980445596101
0.0612167029355
0.0262043827246
0.00790506100007
0.0323791633997
