509184
0.0227285224987
0.00412620977878
0.00802853192559
0.0205014297386
0.00375109979889
0.0110313756913
0.0146332170689
0.0302346499497
0.0190402683509
0.00911458333333
0.0111492112871
0.032393005279
0.00872965372046
0.0301502011061
0.0152557817999
0.00468789278532
0.107599610357
0.151204672574
0.0255644325038
0.00453667043741
0.0028496574912
0.00821117709904
0.0305547699849
0.000934829059829
0.00874340120664
0.0110981491956
0.010556105455
0.00704460470085
0.00504139957265
0.0116735796883
0.0145468042986
0.0126437594268
0.0181722127954
0.0282609037205
0.0247631504525
0.00350953682755
0.0204837543992
0.00118621166415
0.00300284376571
0.00362344457014
0.0017439668175
0.0269568564605
0.0204778626194
0.00922063536953
0.0012156705631
0.0133743401207
0.0438682283811
0.121781124309
