1641588
0.0228023109331
0.00957000173003
0.158084732588
0.12527503856
0.0614916775707
0.0788224572792
0.0568942999096
0.0567499275092
0.0792025770169
0.0200641086558
0.00682814445525
0.0165224160995
0.0253796933213
0.00843634334559
0.00840588503327
0.0127650786921
0.0064449788863
0.0114925304035
0.00803307529051
0.0129088419262
0.0115875603379
0.00435919365882
0.00197248030566
0.00400100390597
0.0027394206098
0.00229290175123
0.0011239117245
0.00311162118631
0.00100512430646
0.00282774971552
0.00989468733933
0.0402689347144
0.00364829664934
0.00232945172601
0.00296298462221
0.00276317809341
0.0078344870942
0.00205167191768
0.00726430748763
0.00693109355088
0.00407593135427
0.0215876334379
0.00373540742257
0.00354839338494
0.00930988774284
0.00381216236961
0.0360315743049
0.0107548300792
