884702
0.0242793618642
0.00338871167919
0.00324063922089
0.00185373153898
0.0915969445079
0.0251169320291
0.00474170963782
0.00854298961684
0.00818128590192
0.00880861578249
0.0124222619594
0.00892956046217
0.0296970053193
0.0159273970218
0.0138464703369
0.0111223892339
0.0124086980701
0.0147450780037
0.0275968631245
0.00978069451635
0.0451858365868
0.0146150907311
0.0519598689728
0.0400157341116
0.0237221120784
0.0473085852637
0.0130202034131
0.0130835015632
0.0246003739112
0.011548521423
0.0191465600846
0.00965861951256
0.00739231967374
0.00871932017787
0.0170701546962
0.0247563586383
0.032231191972
0.159255885032
0.00253870794912
0.00152593754733
0.00539277632468
0.00358312742596
0.00139368962656
0.00286198064433
0.00634563954868
0.0133593006459
0.022516056254
0.0409652063633
