1757230
0.00913824598943
0.0385362189355
0.00972041223972
0.00424304160525
0.00229338219812
0.0573061010795
0.0694786681311
0.102964893611
0.109741468106
0.0815072585831
0.145100527535
0.0087609476278
0.0335488240014
0.0105501271888
0.00554964347297
0.0144824524963
0.0122380109604
0.0137671221183
0.00610961570199
0.00946546553382
0.00864599397916
0.00886622695948
0.000730126392106
0.0186867968337
0.0437870967375
0.00571581409377
0.0130267523318
0.00289831154715
0.00529526584454
0.00270141074304
0.00941595579406
0.00415483459763
0.00779920670601
0.00350722443846
0.00461920181194
0.014469932792
0.0104533840192
0.0077667692903
0.00298765670971
0.00836714601959
0.00534591373924
0.00405922958292
0.00548363048662
0.00981260278962
0.012950495951
0.00190470228712
0.0192826209432
0.0127632694639
