1499961
0.0254079939412
0.0209725452862
0.0685931167544
0.0441451477738
0.00821354688555
0.0200538547336
0.00214005564145
0.0150797254062
0.00749886163707
0.00748152785306
0.00158204113307
0.00105269403671
0.00276940533787
0.00349475753036
0.0120143123721
0.00383609973859
0.00309674718209
0.0111262892835
0.0822968063836
0.156580737766
0.00869089262988
0.0100569281468
0.0472298946439
0.00526413686756
0.0605262403489
0.076864665148
0.0157524095626
0.00480345822325
0.014829052222
0.0334288691506
0.000875356092592
0.00137003562093
0.00455011830308
0.00203271951737
0.0062188283562
0.00381476585058
0.00234606099759
0.0122376515123
0.0047361231392
0.0382629948379
0.0062101614642
0.00240939597763
0.00193405028531
0.00775953508125
0.104512717331
0.00615215995616
0.00744686028503
0.0122476517723
