723710
0.0348786115986
0.0589531718506
0.156909535587
0.0464923795443
0.0219784167691
0.0245692335328
0.0537770653991
0.0227674068342
0.0197233698581
0.024750245264
0.0243260421992
0.0252946622266
0.0264898923602
0.0138328888643
0.0113263600061
0.00419090519683
0.00533086457283
0.00790095480234
0.00315596026033
0.0325005872518
0.0192300783463
0.00555056583438
0.012445592848
0.00556714706167
0.00235453427478
0.0043359909356
0.00312832488151
0.00578546655428
0.0180072128339
0.00236420665736
0.00406930953006
0.0421480979951
0.0045847093449
0.00783739343107
0.0288237001009
0.00898702518965
0.00125879150488
0.00294593138135
0.00617374362659
0.0102195630847
0.0023144629755
0.00639344488815
0.0251827389424
0.0611902557654
0.0248980945406
0.0125519890564
0.00896353511766
0.0435395393182
