1235453
0.0265627263846
0.0430603187657
0.0361082129389
0.0483312598699
0.0732039179151
0.023002898532
0.0243675801508
0.0158241551884
0.0237475646585
0.0285895133202
0.025069347033
0.0273721460873
0.0216455016905
0.0112881671743
0.0184531503829
0.0222209990991
0.0130348948928
0.0118410008313
0.00597432682587
0.0132145860668
0.0108761725456
0.0106398219924
0.0037921313073
0.0155246698984
0.0176154009906
0.0133716134891
0.0177360045263
0.00850700107572
0.0117293009123
0.0416503096435
0.0153174584545
0.00618477594858
0.00867212269508
0.0053899258005
0.00763525605588
0.0140442412621
0.0201747860906
0.0148131899797
0.0111724201568
0.00733091424765
0.00987087327482
0.0067230400509
0.00794283554291
0.00976564871347
0.0321202020635
0.015149908576
0.0643092048018
0.079028502096
