732789
0.0957465245794
0.0792260800858
0.0565128570434
0.0471595507029
0.0274117106016
0.0552341806441
0.0234105588375
0.0166664619693
0.0100806644205
0.020434258702
0.0100137966045
0.0148037156671
0.0116800334066
0.0361577480011
0.0123691813059
0.00914315034751
0.00622962408006
0.00630058584395
0.0145785485317
0.0195404134069
0.0257277333584
0.0182999471881
0.00595123562171
0.0102321404934
0.00894800549681
0.01931797557
0.0133503641567
0.0332060115531
0.0458972500952
0.00967399892739
0.0159868666151
0.0108134810976
0.00843080340999
0.00917317263223
0.00302679215982
0.00430410390986
0.0117509951705
0.00746190240301
0.0128263388233
0.00497687601752
0.00507786006613
0.031455166494
0.019795602827
0.00899986217042
0.0192128975735
0.019433970761
0.0202855119277
0.0236834886987
