209204
0.0642769736716
0.0674509091604
0.0228771916407
0.0207978814937
0.0500994244852
0.0432209709183
0.0347173094205
0.0464522666871
0.0134270855242
0.0151239938051
0.053067818971
0.0142492495363
0.0274182138009
0.0231926731802
0.0181306284775
0.0113668954704
0.0104491309918
0.0175044454217
0.00320739565209
0.00190722930728
0.0118496778264
0.00560218733867
0.0129634232615
0.00514330509933
0.0106451119481
0.00721305519971
0.00577426817843
0.0044167415537
0.010277050152
0.0049760042829
0.00343205674844
0.0034081566318
0.00752375671593
0.0101288694289
0.0139050878568
0.0487132177205
0.00335557637521
0.00933060553336
0.00421120055066
0.0284459188161
0.0321791170341
0.0192634940059
0.0277002351771
0.038297546892
0.0157310567676
0.038765989178
0.00763369725244
0.0501759048584
