374811
0.05745295629
0.0415676167455
0.076526569391
0.0890048584487
0.0650941407803
0.02028222224
0.0154958098882
0.0374375351844
0.0269415785556
0.014975547676
0.0159413677827
0.0148928393244
0.0112376637825
0.0046343357052
0.0117072337792
0.00781994125039
0.00982895379271
0.00933803970534
0.0125289812732
0.00517327399676
0.00374588792752
0.009575492715
0.0135134774593
0.0370533415508
0.00436219854807
0.0384060233024
0.00982895379271
0.00866570084656
0.00899119823057
0.024140166644
0.00555479961901
0.0211173097908
0.0304206653487
0.0159520398281
0.0118913265619
0.00764652051301
0.00262799117422
0.0133347206992
0.00656330790719
0.00715827443698
0.00566685609547
0.0161281285768
0.0179103601549
0.00383660031322
0.014556669895
0.0148714952336
0.0416716691879
0.0569273580551
