2984402
0.051314467689
0.0841016056148
0.112806518693
0.101381784357
0.0538074294281
0.0230424721603
0.012350547949
0.0135072285838
0.0127127645672
0.0174956322908
0.00478052219507
0.00659663141896
0.0106674636996
0.00892674646378
0.0117785740661
0.00797747756502
0.010658416661
0.00748357627424
0.00430940603846
0.0144373981789
0.0141016525254
0.0146183389503
0.0128246797851
0.0086151262464
0.0280226993548
0.00693974873358
0.00625619470835
0.0165249185599
0.0256175273974
0.00986964892799
0.0149259382617
0.00385805933651
0.00439954134865
0.0187799766921
0.0096220281316
0.00866538757178
0.00936502522113
0.00855514773144
0.0070332347988
0.0267715274283
0.00653564767749
0.0238188420997
0.00959254148737
0.00807632483828
0.0128370775787
0.0501819124903
0.0284549467532
0.0349996414692
