362527
0.0753847299649
0.0262601130399
0.0320114088054
0.0156567648754
0.012181161679
0.0207129400017
0.0107633362481
0.0368082928996
0.0275207088024
0.0257360141452
0.0339698836225
0.017011146756
0.0287950966411
0.033542329261
0.0156567648754
0.0106088649949
0.0201750490308
0.0264780278434
0.0215101220047
0.00924069103818
0.00310045872445
0.0242988798076
0.0156236638926
0.00819801007925
0.00658433716661
0.0157064163497
0.0133479713235
0.0164980815222
0.00640779859155
0.00828352095154
0.00775114681113
0.0303205002662
0.0428188796972
0.0282323799331
0.0189889304797
0.0103606076237
0.010539904614
0.0133396960778
0.0122777062122
0.0275455345395
0.0237913314043
0.0249029727441
0.0182607088575
0.0142775572578
0.0153285134624
0.0116791301062
0.0418120581364
0.0296998568382
