233861
0.0499613017989
0.0322670304155
0.0434232300384
0.0259427608708
0.0539807834568
0.0211450391472
0.042743338992
0.0188573554376
0.0323439992132
0.0423157345603
0.0433719175066
0.0657441813727
0.0433847456395
0.0561230816596
0.0172410106858
0.1017270943
0.0104891367094
0.00896258888827
0.00624730074702
0.00573417542899
0.00974938104259
0.0223936440877
0.0162361402714
0.00341655940922
0.0053578835291
0.00174890212562
0.00218505864595
0.00193704807557
0.0055845138779
0.00335669478878
0.011887403201
0.00459247159638
0.00530229495298
0.00677753024232
0.011900231334
0.00904810977461
0.0104335481333
0.0118147104477
0.00279653298327
0.00318565301611
0.0131488362745
0.00612757150615
0.011981476176
0.00570424311878
0.0042461120067
0.0253783230209
0.0206917784496
0.0410115410436
