1437901
0.0259190305869
0.0211148055395
0.0420522692452
0.0153988348294
0.0166583095776
0.0335106519851
0.037054011368
0.0456137105406
0.0563293300443
0.0245420234077
0.0238215287422
0.0303393627239
0.0205431389226
0.0121559133765
0.0182828998658
0.0114138595077
0.00727936067921
0.0284254618364
0.00617705947767
0.00443006855131
0.012231022859
0.0131086910712
0.00646150186974
0.0142944472533
0.0188545664827
0.0107017103403
0.00663119366354
0.048246019719
0.0276834079676
0.0371708483407
0.00668961214993
0.011358222854
0.0061861004339
0.0158585326806
0.0125203334583
0.00779399972599
0.0213846433099
0.00926767559102
0.0041393670357
0.0060866499154
0.0048668162829
0.0177369652014
0.0132950738611
0.0200952638603
0.0244182318532
0.044210971409
0.0466728933355
0.0509736066669
