1931837
0.0202278970741
0.0369001111377
0.0428064065447
0.0267512217646
0.00892466600443
0.0172291968732
0.0100997133816
0.0175832640124
0.0217057650309
0.019244377243
0.0228331893426
0.0355909944783
0.00872640911216
0.00616356348905
0.00525458410829
0.0202470498287
0.0251765547507
0.0539382981069
0.039531285507
0.00833507174777
0.0101519952253
0.00427054663515
0.00557707508449
0.00295107713539
0.00541401784933
0.00537467705609
0.0137511601652
0.00535655958551
0.00506305656223
0.0238803791417
0.0266502815714
0.0104781096956
0.0182163401985
0.0930492582966
0.0351918924837
0.0097865399617
0.04942083623
0.0410443531209
0.0140902156859
0.0542742477756
0.0211244530465
0.0120413885851
0.00910428778411
0.0121262818757
0.00821704936804
0.0126139006552
0.0130249084162
0.0304854912707
