170487
0.0486606016881
0.0453700282133
0.025644184014
0.0117135030823
0.029585833524
0.0358678374304
0.0403256553286
0.0250693601272
0.0314628094811
0.0262190079009
0.00606497856142
0.0606673822638
0.0193328523582
0.0327590960015
0.0096019051306
0.00452233894666
0.0156434214925
0.00909160229226
0.0178488682422
0.00779531577188
0.00491533078768
0.0159894889346
0.00370702751529
0.0111034858963
0.00254564864183
0.00645797040244
0.0108219395027
0.00204707690322
0.00252218644237
0.00356038876865
0.00496225518661
0.009015350144
0.0121534193223
0.0283540680521
0.0863057007279
0.0520626206104
0.00690375219225
0.00693894549145
0.0134145125435
0.0166346994199
0.0110800236968
0.0254095620194
0.0160246822338
0.0111269480957
0.0282836814537
0.0223594760891
0.0477925003079
0.0342606767671
