316254
0.0699406173519
0.0328912835885
0.0459915131508
0.0508230725935
0.0254415754425
0.0202495462508
0.0146243209572
0.0115761381674
0.0244898088246
0.00398413933104
0.0253403909516
0.0220487329805
0.0159934736003
0.00313039518868
0.00296280837555
0.00941331967343
0.0125279047854
0.0262858335389
0.0127049776446
0.00495804005641
0.0102955219539
0.00961568865532
0.0121769210824
0.00581494621412
0.00240313165999
0.00849317320888
0.00633667874557
0.0245909933155
0.0115097358452
0.0151523775193
0.0186116223036
0.0265451187969
0.0296691899549
0.0436674318744
0.0183902812296
0.0221214593333
0.029586977556
0.0463172007311
0.00793665850867
0.074914467485
0.0217926097377
0.0103303041226
0.00603944930341
0.0123666420029
0.013716822554
0.0104251645829
0.0309055379537
0.0348960013154
