1700239
0.0251441120925
0.0299810791306
0.0713764359011
0.026920332965
0.0526984735675
0.0348021660484
0.0191978892379
0.0194784380314
0.014453262159
0.0108637667998
0.0210323372185
0.0535854076986
0.0321854751009
0.028812419901
0.021872219141
0.0263680576672
0.0815949992913
0.0212852428394
0.00500870759934
0.0121153555471
0.0104126537504
0.0083617656106
0.00557392225446
0.00661436421585
0.0128181979122
0.00520515057001
0.00952924853506
0.00609855437971
0.0166376609406
0.0101450443144
0.0101556310613
0.0107402547524
0.0109014085667
0.00707724031739
0.00707371140175
0.0163824027093
0.0119918434996
0.0164006354401
0.00730544352882
0.00643497767079
0.00537395036815
0.00739719533548
0.0221380641192
0.0121729945025
0.0135422137711
0.0335423431647
0.025292914702
0.0759040346681
