1081398
0.0438413978942
0.0331783487671
0.035209053466
0.0252173575316
0.0143582658744
0.0273682769896
0.0309488273513
0.0110948975308
0.0111198652115
0.00765860487998
0.0263686450317
0.00609026463892
0.103952476332
0.144158764858
0.0390614741289
0.013375279037
0.0133392146092
0.00916961192826
0.0294970029536
0.0185102987059
0.0167958512962
0.00748198165708
0.0206741643687
0.0127362913562
0.0152413819889
0.0062890813558
0.0111836715067
0.0116543585248
0.0066303063257
0.00638062951846
0.00227390840375
0.00526355698827
0.0193823180735
0.00987055644638
0.00960330978974
0.0136184827418
0.0191844260855
0.0191030499409
0.0238626296701
0.00967081500058
0.0168800016275
0.0101701686151
0.00552710472925
0.0155807575009
0.0119992824104
0.00406603304241
0.0170899150914
0.0282680382246
