666852
0.0304700293318
0.0572990708583
0.028880471229
0.0131873339212
0.0280691967633
0.0301416206295
0.0234864707611
0.0278787497076
0.0189142418408
0.0226467042162
0.0155611739936
0.0209071878018
0.0432149862338
0.0242842489788
0.0395125155207
0.0130178810291
0.0141860562764
0.0123070786321
0.0121121328271
0.00673012902413
0.0178420399129
0.0136567034364
0.00979677649613
0.0337046301128
0.0228746408498
0.0188827505953
0.025788330844
0.0278547563777
0.0351742215664
0.0268845261017
0.00854162542813
0.023795384883
0.0188947472603
0.0107250184449
0.011581280404
0.00411785523624
0.0122575923893
0.00574190375076
0.00318061578881
0.0138411521597
0.00328558660692
0.027935733866
0.0186143252176
0.0240293198491
0.0163484551295
0.0195650609131
0.0290754170341
0.033202269769
