1068953
0.0311182998691
0.0161588021176
0.0502613304795
0.044839202472
0.0491078653598
0.0588744313361
0.0192066442584
0.0131567992232
0.0408914143091
0.00879832883204
0.0129771842167
0.0089704598799
0.00899384725053
0.00819025719559
0.00883481313023
0.0559360420898
0.0141951984793
0.00530332016468
0.0656932531178
0.0529172002885
0.0133336077451
0.0108536109633
0.00910423563992
0.0112792611088
0.0207717271012
0.00910984860887
0.00437156731868
0.0100163430946
0.0897644704678
0.0446184256932
0.0193263875961
0.0120669477517
0.00703117910703
0.00713034155852
0.00329387727992
0.00390288441119
0.00727066578231
0.00697037194339
0.0257448175925
0.0226651686276
0.00728002073057
0.00930256054289
0.00508534987039
0.0164020307722
0.00528835224748
0.0123709835699
0.00947749807522
0.0217427707299
