626659
0.0520889351306
0.0480021830054
0.0526426653092
0.0515958439917
0.131060114033
0.0360451218286
0.0301711137955
0.0179523472894
0.0205534429411
0.0210736620714
0.0201066289641
0.0152251862656
0.0208358932051
0.0133788870821
0.00729583393839
0.0202965249043
0.00363515085557
0.00331280648646
0.00796765066807
0.00524846846531
0.010225657016
0.0190055516637
0.00920277216157
0.0492133680359
0.0151374192344
0.00517506331194
0.0201943959953
0.00959054286302
0.016043813302
0.00302397316563
0.023352413354
0.0121038714835
0.0197380074331
0.00682348773416
0.00937351893135
0.00750009175644
0.00388887736393
0.00703572437322
0.0229407061895
0.00739955861162
0.00540804488566
0.0105958743112
0.0121022757193
0.00823254752585
0.0157342350465
0.0287636497681
0.030268455412
0.0334376431201
