482088
0.0316187086175
0.0286690396774
0.0115539071705
0.0469706775526
0.0182974892551
0.0371031844808
0.0808814988135
0.077529413717
0.0470868389174
0.0372670549775
0.0197432833839
0.0115580557906
0.0124562320572
0.0116389538839
0.0118940940243
0.00131718690364
0.00314672839813
0.00859179236986
0.011641028194
0.00879507475814
0.001522543602
0.00447221254211
0.00426893015383
0.00418595775045
0.00199133768109
0.00409676241682
0.00467756924047
0.00364248850832
0.00677677104595
0.00463193441861
0.00915807902292
0.00212201921641
0.00409053948657
0.00861875840096
0.0066772041619
0.0291295365162
0.0265511690812
0.0644571115647
0.00847563100513
0.00399512122268
0.014561656793
0.068124491794
0.0458546987272
0.0247755596489
0.0135141302003
0.0513080599393
0.00695101309305
0.0536084698229
