2727205
0.0923960611689
0.0274761156569
0.0315788508748
0.0212008264872
0.0179091780779
0.017035756388
0.00894908890237
0.029822107249
0.0396281174316
0.0610372157575
0.0177500407927
0.0148162679373
0.0283594375927
0.0742984117439
0.0967037681436
0.0737674652254
0.0176081372687
0.0136172381614
0.0167757832653
0.0103666574387
0.0150582739471
0.013095825213
0.0115634871599
0.00634862432417
0.00833930709279
0.00358902246072
0.00661923104424
0.0111531769706
0.00492372227244
0.00564167343489
0.0103908580396
0.00774529234143
0.00428863983456
0.00468794975075
0.0114927187358
0.00906679182533
0.00864621471433
0.0178930443439
0.00650996166405
0.0103343899707
0.0118945953825
0.0133301310316
0.00937259941955
0.00957573779749
0.0152892796838
0.0123283728213
0.0219433449264
0.0177812082333
