1362763
0.077229863153
0.0559620418224
0.0580071516471
0.0921297393604
0.0487663665656
0.0392988362613
0.0335472859184
0.0278793891528
0.0290050434301
0.0174285624133
0.00979774179369
0.0253602423899
0.0177418964266
0.0109300003009
0.0341915652245
0.0131460862967
0.00623292531423
0.00565982492921
0.0129259453038
0.00914832586444
0.0247181644938
0.00862585790779
0.00412764361815
0.00614340131043
0.015464904756
0.0125898633878
0.0100714504283
0.0119859432638
0.0199256950768
0.00533621766954
0.0190994325499
0.0107039888814
0.0141748785372
0.012448239349
0.00656533821361
0.00751561349993
0.00957099657094
0.0121018841868
0.00756844733824
0.01158161764
0.00641490853509
0.0165854224102
0.011915498146
0.0199550472092
0.0125839929614
0.0202852586987
0.0168033619932
0.0407480977984
