647721
0.0653522118319
0.0437657571701
0.0820553911329
0.110153908859
0.0356789420136
0.0103825566872
0.0225652711584
0.00679613599065
0.0178672607496
0.00429814688732
0.00785060234268
0.00461309730578
0.0124590680247
0.00465941354379
0.00306459108165
0.00239763725431
0.00821958837215
0.00818562313095
0.0056042647992
0.00427190101911
0.0139828722552
0.00545914058676
0.00271258767278
0.0042363919033
0.0148289155362
0.00194682587102
0.00263385006816
0.0037716856486
0.00907643877534
0.0117581489561
0.00339343637152
0.00398782809265
0.0056274229182
0.00690420721267
0.00687641746987
0.00578181037823
0.00510096167949
0.00536959585995
0.0148613369028
0.030022185478
0.0658802169453
0.0199329649649
0.0159003645088
0.0792501709841
0.0341983662719
0.0322885933913
0.0172790445269
0.116696849415
