1503064
0.073462607048
0.0312940766328
0.0314371177807
0.0226843301416
0.0203983330051
0.0107021390972
0.0118165294359
0.00708752255393
0.0185208347748
0.0157810978109
0.0119050153553
0.019334506049
0.0275410760952
0.0270886668831
0.0119702155065
0.00901292293608
0.0101233214288
0.0683437298744
0.018083727639
0.059694730231
0.0108544945525
0.0151776637588
0.0191342484418
0.00997695374249
0.021569939803
0.00520603247766
0.0087454692548
0.0165841241624
0.0289980998813
0.0157325303513
0.0130766221531
0.0314943342399
0.0122256936498
0.0101785419649
0.0423747757913
0.0128198133945
0.00871686102521
0.0106336124077
0.0133673616027
0.014613482859
0.0104785957218
0.0258944396247
0.0170658069117
0.0104499874922
0.0159760329567
0.0422796367952
0.0241985703869
0.025893774317
