558744
0.145540712741
0.0176467219335
0.0388603725499
0.0108654410607
0.0206266197042
0.0151500508283
0.0656347092765
0.0306437295076
0.0164297066277
0.0673796944576
0.00634279741706
0.00751685924144
0.00580229944304
0.0354670475209
0.00924394713858
0.0044063112982
0.0065700929227
0.00575755623327
0.0328433056999
0.00558753203614
0.0280414644274
0.0382948183784
0.0381391120084
0.0171115931446
0.0105540283207
0.0241845997451
0.00105057056541
0.00689045430465
0.00238749767335
0.0124582993285
0.00775310338903
0.0137809086093
0.00587030912189
0.031694300073
0.0106810990364
0.0145719685581
0.00451906418682
0.0022031556491
0.00233380582163
0.0163921223315
0.0233756425125
0.0240772160417
0.0327233938977
0.00601885657833
0.00971643543376
0.0355117907306
0.0114918459975
0.0198570364961
