377989
0.0423160462341
0.0147967268889
0.0143707885679
0.0239874705349
0.0238578371328
0.0411467000362
0.00996060731926
0.00939180769811
0.0162517956872
0.00864046308226
0.0153390707137
0.00218524877708
0.0871480386995
0.1439909627
0.0929259846186
0.00903465444762
0.0249769173177
0.0296490109501
0.0389588056795
0.0150057276799
0.00599752902862
0.00262706057584
0.00891560336412
0.00546047636307
0.0131247205607
0.00413768654643
0.00856374127289
0.00708750783753
0.00474352428245
0.00980980928016
0.00621975771782
0.00771186463098
0.0195852260251
0.0112040297469
0.0168205953083
0.00631499858461
0.00839177859673
0.00903200886798
0.0116193857493
0.013569177939
0.0167729748749
0.0204132924503
0.00714571058946
0.0125797311562
0.0185349309107
0.016238567789
0.0281330938202
0.0353105513653
