542969
0.0276185196577
0.0246404490864
0.0161151004938
0.0256754989696
0.0370389469749
0.143964020045
0.0463009858758
0.0255815709552
0.0159088272074
0.0229921045216
0.0263237864408
0.0146122522649
0.0120172606539
0.0112124264921
0.0118901815757
0.0177376608978
0.0697793060009
0.182369527542
0.0159953883187
0.0182367685816
0.00622687483079
0.0106691173898
0.0185517036884
0.00676650048161
0.00886054268292
0.00520655875381
0.00438699078585
0.00532442920314
0.00210325083016
0.00372581123416
0.00621582447617
0.00444592601051
0.00357294799519
0.00902077282497
0.00220638747332
0.00426727861075
0.00228742340723
0.00482900497082
0.0102713046233
0.00322117837298
0.01291602283
0.00653812648604
0.0102473621883
0.00895078724568
0.0114205415042
0.0223677594853
0.00722877365006
0.0321602154082
