1702970
0.0666318255753
0.0371069367047
0.0219628061563
0.0183403113384
0.0172387064951
0.0134036418727
0.0135657116684
0.0241660158429
0.0102879087711
0.0434388157161
0.0750964491447
0.0473390605824
0.0759925306964
0.0441188042068
0.080208107013
0.0194982882846
0.0140202117477
0.0175610844583
0.0265359930005
0.0143690141341
0.013312624415
0.0183708462275
0.011380118264
0.00814929211906
0.00772650134765
0.0105515657939
0.0070647163485
0.00584860567127
0.00267591325743
0.00913815275665
0.00968719355009
0.00900837947821
0.0106742925595
0.00444987286916
0.00658731510244
0.0102967169122
0.032472092873
0.00741234431611
0.00441346588607
0.00575054170068
0.00564778005485
0.0139286070806
0.0104446936822
0.00606000105698
0.0117089555306
0.0107776414147
0.0294009876862
0.0361785586358
