912134
0.0534318422512
0.0482801869024
0.043610916817
0.0169996952202
0.0221184606648
0.0231106394455
0.0289255745318
0.0172902227085
0.0242190292216
0.0106716776263
0.0127755351736
0.0242584971068
0.013249149796
0.0111792784832
0.0086697787825
0.00638393043127
0.0134914387579
0.0364551699641
0.0377663808169
0.0102068336451
0.0031157702706
0.00992507679793
0.00619316898614
0.0068356184508
0.00786836144689
0.00415399491741
0.00990095753475
0.00748683855662
0.00754165506384
0.027606689368
0.0216360754012
0.0195048096003
0.0103011180375
0.0619097632585
0.0255927308926
0.0170556080576
0.0332396336503
0.0253197446866
0.0386291926406
0.0153804155968
0.0347065233836
0.0347843628239
0.00690907257048
0.0170095621915
0.014106479969
0.0173132456415
0.0230667862397
0.0298125056187
