1057873
0.063338415859
0.0496590800597
0.0424597281526
0.0243753267169
0.0251013117832
0.0136415240771
0.0308638182466
0.0138542150145
0.00850669220218
0.0131509169815
0.0337658679255
0.0118624825475
0.0219875164599
0.0301879337123
0.0531453208466
0.0746223790568
0.022951715376
0.0179199204441
0.0600374525108
0.0184124181258
0.00987169537364
0.0138192391714
0.007249452439
0.010548525201
0.00606972670632
0.00256836123051
0.00667944072682
0.00467069298489
0.0074659245486
0.0058012634787
0.0143627826781
0.0098641330292
0.00793100873167
0.00928088721425
0.00871749255345
0.00686566345866
0.00328678395233
0.00865604850488
0.0204372358497
0.00951153871968
0.0115382470297
0.0219998052696
0.00493821091946
0.00396455907278
0.0203304177345
0.0265523366226
0.0526764554913
0.0544980352084
