1011592
0.0202937547944
0.0548640163228
0.0788262461546
0.0549737443554
0.0258127782742
0.0195622345768
0.02195845756
0.0110815427564
0.00739725106565
0.0123587375147
0.0131070629266
0.00599352308045
0.00593025646703
0.00876440303996
0.00724600431795
0.0117102547272
0.015346107917
0.0160647771038
0.0749027275819
0.014168755783
0.0332792271983
0.139191492222
0.0348480415029
0.0324834518264
0.0208483262027
0.015818630436
0.017958821343
0.0117448536564
0.0304431035437
0.0225278570807
0.00627525721833
0.00417955064888
0.00800223805645
0.00413111214798
0.00884645192924
0.0098982593773
0.00845993246289
0.0169920284067
0.0104093349888
0.0091479568838
0.00707696383522
0.00325526496849
0.00448500976678
0.00329678368354
0.00918255581302
0.0161942759532
0.0104913838781
0.0201691986493
