310292
0.0644264112513
0.106760728604
0.106796179083
0.0385636755057
0.0252665231459
0.018247328323
0.0113377077076
0.00626184368272
0.0567819988914
0.0349122761786
0.00514676498266
0.00456988900777
0.00395111701236
0.00810526858572
0.0043056218014
0.00333234501695
0.0116760986426
0.00701597205213
0.00316798370567
0.00241707810707
0.00336779549586
0.0100679360087
0.00823095664729
0.00702886313537
0.00625539814111
0.00509842342052
0.00878527322651
0.0144122310598
0.00338068657909
0.00412192386526
0.0160526214018
0.00633919018215
0.101095097521
0.0458406919933
0.0205741688474
0.00446353757106
0.0230428112874
0.00853067433256
0.00355149343199
0.00324855297591
0.00719000167584
0.0451059002488
0.0439005839661
0.0110669949596
0.00866925347737
0.0160526214018
0.0139481520632
0.0275353537958
