987993
0.00723385692004
0.00854661925742
0.00919844573798
0.00615085329552
0.0052844503959
0.00648385160624
0.00806179800869
0.0353959997692
0.0389911669415
0.0173867628617
0.00380670713254
0.0173938479321
0.0327836330824
0.0122703298505
0.0115385432893
0.0186317109534
0.0939875080087
0.03612070126
0.0155112435007
0.0171711742897
0.00320751260383
0.00542412749888
0.0188746276542
0.0190588394857
0.0227400396562
0.031559940202
0.0266874360446
0.0150223736403
0.0257208300059
0.0983428020239
0.0199788864901
0.0254192084357
0.0978539321635
0.00765997329941
0.00844135535373
0.0153371531985
0.00863973732607
0.00692616243232
0.00833811575588
0.00798285008092
0.00789580492979
0.00579153900888
0.0151610385904
0.00683709297536
0.00412857176114
0.0226165569999
0.0211266679015
0.041277620388
