1073462
0.0643012980432
0.0364409732249
0.0180341735432
0.0584575886245
0.138070094703
0.035169386527
0.0578492764532
0.0110027183077
0.0122920047473
0.0548813092592
0.00336295090092
0.00360329476032
0.0108760254206
0.0317905990151
0.00354553770883
0.00433084729595
0.00432153164248
0.0154304483997
0.00570211148601
0.00617348355135
0.0308748702795
0.00408864030585
0.00169451736531
0.00790340039983
0.0034486549128
0.0136874896363
0.0131863074799
0.00170476458412
0.00191343522174
0.0145137880987
0.00900451063941
0.0180164738016
0.00632532870283
0.00972274752157
0.0181692505184
0.0113036139146
0.00288505787815
0.0145445297551
0.011258898778
0.0149786392066
0.0224889190302
0.032725890623
0.00967151142751
0.0142287291027
0.0168920744283
0.0372644769913
0.0308795281063
0.0509882976761
