1014424
0.0362402703406
0.00421717151802
0.00392045140888
0.0062399943219
0.0046617587912
0.000706805044045
0.00410577825446
0.0132212960261
0.0214515823758
0.00674668580396
0.00513591949717
0.0027473719076
0.0190551485375
0.00453459303013
0.0108357057798
0.00533701884025
0.0133819783444
0.00314069856391
0.0129620355985
0.00852700645884
0.0053291325915
0.00907608652792
0.0502837077987
0.0165650654953
0.264530413318
0.0459827448877
0.0511482378177
0.0126317989322
0.0256431235854
0.00541193820335
0.0173004581911
0.0100303226264
0.0449742908291
0.0105932036308
0.0118500745251
0.00904552731402
0.0132449547724
0.0402602856399
0.0106444642477
0.0101022846463
0.00617296120754
0.00226926807725
0.0256776259237
0.0105044833324
0.0158336159239
0.0222855531809
0.0222934394297
0.0431456669006
