2517515
0.0476358631428
0.0970957471952
0.0714375088133
0.110667463749
0.0624671551113
0.0333626611957
0.0289992313849
0.0161802412299
0.0265750154418
0.0185242193194
0.0196801210718
0.0102768007341
0.0157075528845
0.0103336027789
0.00779061892382
0.0100770005343
0.00747800906847
0.0088984574074
0.00574932026224
0.00845277982455
0.00996141035902
0.0343298848269
0.0129059806992
0.0214366150748
0.0172149917677
0.0166457796676
0.00922457264406
0.0181134968411
0.0114052945067
0.00600711415821
0.0085794920785
0.00775685547057
0.0163506473646
0.0114430301309
0.0085655894801
0.00655964314016
0.0213778269444
0.0121043965974
0.0119216767328
0.0123220715666
0.00531754527778
0.0107069868501
0.0102287374653
0.0190715844791
0.00881226129735
0.0101770992427
0.0185826102327
0.0254874350302
