1289739
0.0471901679332
0.0209871919823
0.01716393782
0.0312365525118
0.00649666327838
0.00450401205205
0.00438460804861
0.00378603733003
0.0300006435411
0.0422907270386
0.0114131618878
0.00448385293459
0.0282475756723
0.0392893445883
0.0801549770923
0.170552336558
0.025747069756
0.00899639384403
0.00593298334004
0.0314102310623
0.0160435560993
0.0135019565974
0.039445965424
0.0121916139622
0.0171220688837
0.00605626409684
0.0162637556901
0.0170530626739
0.0121334626618
0.024428973614
0.0134236461796
0.00579264486846
0.00717199371346
0.0100407911988
0.00479631925529
0.00197249210887
0.00499248297524
0.00868780427668
0.00404888120775
0.00566858876098
0.00589809255981
0.00601594586191
0.00436367358047
0.0696117586581
0.033725428168
0.00711616846509
0.0143571683883
0.00380697179817
