583551
0.138663115992
0.0427503337326
0.0400084996855
0.0227092404948
0.020342694983
0.0602586577694
0.0134109957827
0.0156490178236
0.034939533991
0.0532001487445
0.0136526199081
0.00950045497309
0.0134469823546
0.0442926153841
0.0852624706324
0.10626149214
0.0268151369803
0.00816209722886
0.00754175727571
0.0121411838897
0.013179653535
0.00809526502397
0.00558820051718
0.00168108700011
0.0012989438798
0.00130065752608
0.0093410858691
0.00403220969547
0.00422413807876
0.014216409534
0.00409218731525
0.00320451854251
0.00520434375059
0.00822378849492
0.00339473327952
0.0120263695889
0.00467825434281
0.0111849692658
0.006102294401
0.00958613728706
0.00706879090259
0.00385741777497
0.0126227184942
0.00726928751729
0.0147030850774
0.0135617966553
0.0207711065528
0.0204815003316
