1363243
0.0185374140927
0.0142520445731
0.0334496491088
0.0306636454396
0.116272007265
0.173418092006
0.0450213204836
0.0383666008188
0.0246111661677
0.0389446342288
0.050084247636
0.0239084301185
0.0286596006728
0.0103693912237
0.0236546235704
0.0109136815667
0.0147178456079
0.0108205213597
0.0109232176509
0.0114953827014
0.0210013915347
0.00510693984858
0.00950674237828
0.00346820046023
0.0112496451476
0.00381370012536
0.00898445838343
0.00411885481899
0.00413059153797
0.00313443751407
0.00678455711858
0.00641631756041
0.0222410824776
0.0159634049102
0.00891697224926
0.00352468342034
0.0025857459015
0.0096754577137
0.0121159617178
0.0177033734998
0.0211701068702
0.00670019945087
0.00672220579897
0.0132544234594
0.00623439841613
0.00790174605701
0.006444192268
0.0220466930694
