1108138
0.0843514074962
0.0326060472613
0.0323001286843
0.02660859929
0.0303039874095
0.0200390204108
0.0481167508018
0.0797707505744
0.113137533412
0.042044402412
0.0259714945251
0.031989698034
0.0288204176736
0.0130335752406
0.00812443937488
0.0115806876039
0.0157191613319
0.00435776049553
0.00744040904653
0.00540365911105
0.00885990734006
0.0165006524458
0.0126708045388
0.0113632056657
0.00382262858958
0.005007499066
0.00334254397918
0.0127195349316
0.00588103647741
0.00914958245273
0.00451568306474
0.0135966820017
0.00781852079795
0.0113298163225
0.00675096423009
0.00134730511904
0.00245005585947
0.0143637344807
0.0106304449446
0.0122358406624
0.00533146593655
0.0091026568893
0.011215209658
0.0369827584651
0.015166883547
0.0309428970038
0.0307840720199
0.024397683321
