1195727
0.0594115546442
0.0396779532452
0.0177264542826
0.0361570826786
0.0158890783599
0.00971793728836
0.0139270920536
0.0120152844253
0.027548094172
0.00293127110118
0.0397264593005
0.00955569289646
0.011423176026
0.0120579363015
0.00624306384317
0.0195588123376
0.00818163343305
0.00239268662496
0.0126048838907
0.0187124653035
0.0074373163774
0.00371489478786
0.00542515139325
0.00550125572141
0.00432707465835
0.00136653266172
0.0111003598648
0.0105776653032
0.0619957565565
0.0109130261339
0.00878628650185
0.00731939648431
0.00166007792749
0.00298479502428
0.00368144233592
0.00391979105599
0.00398669595986
0.143340411315
0.00569611625396
0.0419627557126
0.00934159720404
0.0682095495042
0.0441446918904
0.0225678603895
0.0218436148051
0.0787671433362
0.00459553058516
0.0293745980479
