549650
0.00784135358865
0.00860547621213
0.00467934139907
0.00450832347858
0.005727280997
0.00210861457291
0.00539979987265
0.0104939506959
0.0702501591922
0.101011552806
0.0165377967798
0.100787774038
0.0978841080688
0.0283780587647
0.0154643864277
0.00777585736378
0.0221795688165
0.0153843354862
0.00856908942054
0.0220613117438
0.00378968434458
0.00271627399254
0.0202819976349
0.0249777130901
0.065943782407
0.00431001546439
0.0226562357864
0.00642954607477
0.00697898662785
0.023467661239
0.00677885927408
0.0284253615937
0.0874793050123
0.00514691167106
0.00728099699809
0.00398071500045
0.0112489766215
0.0121149822614
0.00775948330756
0.0015264259074
0.00658964795779
0.00512507959611
0.0102956426817
0.0182898207951
0.0120312926408
0.00489402346948
0.00834349131265
0.0254889475121
