464957
0.0766716061915
0.0765748230482
0.0374163632336
0.0130571214112
0.0108418627959
0.0304071129158
0.0148766445069
0.0106461457726
0.0190684299838
0.0142744382814
0.00415737369262
0.023881778315
0.00666513247462
0.00862015197104
0.0237054179204
0.00274433979916
0.0131840148659
0.014992784279
0.00406489202227
0.00643715440353
0.00466924898431
0.00214428431016
0.00885888372473
0.00377454259211
0.0206814823736
0.00606077551257
0.0126377277899
0.00336160118032
0.00540265013754
0.00183887972436
0.00463268646348
0.00410360527963
0.0433201349802
0.193888897253
0.0221203251053
0.00263250150014
0.00345838432371
0.0138034269836
0.0041767303213
0.00487787042673
0.0177306718686
0.0439438485709
0.048587288717
0.0177328226051
0.0115451536379
0.00543921265837
0.0139109638096
0.0623778112815
