1765029
0.00757041385722
0.00770468927139
0.00419483192627
0.00182716544601
0.00294046160148
0.00453420312074
0.00924234106069
0.0134213092249
0.00752678851169
0.00806162391666
0.00155124929959
0.0022158276153
0.00435573579811
0.00876076257104
0.0104389219667
0.00413760907045
0.00866671312483
0.00613191058051
0.0040526246311
0.00392231515743
0.00151952177556
0.0056276695737
0.0016237693545
0.0632233238094
0.096299834167
0.0516501428588
0.0879384984609
0.016955528776
0.0460462689282
0.0190421800435
0.0201985349816
0.0157572481812
0.0204070301394
0.0123822328132
0.00963780198512
0.00606165677731
0.00575627935858
0.00607298803589
0.0124439881724
0.0058933875874
0.0852303276603
0.063011429274
0.0832428249054
0.0519566534034
0.0340357013964
0.0153374250508
0.0233270954755
0.0180631593022
