355904
0.0733231433195
0.0355994875022
0.0428739210574
0.023124213271
0.0203790909908
0.0126831954684
0.082134508182
0.0320226802733
0.0222419528862
0.00950256248876
0.021025332674
0.0161785200504
0.0363637385362
0.0176367784571
0.0169287223521
0.00574593148714
0.0105955538572
0.00413313702571
0.00792348498471
0.0121971093329
0.00676586944794
0.00625730534077
0.00629664179104
0.0294854792304
0.0218794955943
0.00706651231793
0.0129192141701
0.00874674069412
0.00374820176227
0.0035992852005
0.00579931666966
0.00928621201223
0.00238828448121
0.0097020544866
0.00216912425823
0.00379315770545
0.00765655907211
0.0148382709944
0.00996898039921
0.0138604792304
0.0115452481568
0.00883103308757
0.0252371426003
0.0340372684769
0.038530053048
0.0915555880237
0.0407609917281
0.0606624258227
