662571
0.0849524051007
0.0289553874226
0.0386720819354
0.00584541128422
0.0091129856272
0.0270612507943
0.0229711230947
0.0261300298383
0.35087258573
0.00732147950937
0.0218150205789
0.0121662433158
0.00811082887721
0.00131004828162
0.00203148039984
0.00333851013703
0.00186093263967
0.00180207102333
0.00212807382152
0.00276196815134
0.00254765149697
0.0311543970382
0.00649892615282
0.00447951993069
0.00942993279211
0.00478439291789
0.00303363714983
0.0166653837853
0.0811490391218
0.000682191040658
0.000457309480795
0.0127820263791
0.00770181610725
0.0203253689039
0.0341186076662
0.00146399404743
0.0032373888987
0.00286459866188
0.00918995851011
0.00150172585278
0.00710112576614
0.00302458151655
0.00507568245516
0.00479495782339
0.0151636579325
0.00529905474281
0.0167649957514
0.0294881605141
