385442
0.0271298924352
0.043103761396
0.0267796451866
0.0193777533325
0.0298773875187
0.0281572843644
0.0201353251592
0.0140955059386
0.0141136669071
0.0374894277219
0.0121860098277
0.0170972545805
0.0588259712226
0.031553385464
0.0152344581026
0.0397361989612
0.0109718193658
0.010411423768
0.00559098385749
0.018096107845
0.00624218429751
0.0104633122493
0.00706202230167
0.0094462980163
0.0231059407122
0.00647308803919
0.0205296776169
0.0166250694008
0.0294259577316
0.0170142330104
0.00794672090743
0.0205400553131
0.0131381634591
0.0165991251602
0.0113687662476
0.0125596068929
0.00801417593308
0.0099055110756
0.00981730065743
0.00819059676942
0.0194919079913
0.0348145765122
0.0241878155468
0.0441752585344
0.0356344145163
0.0360106060056
0.0299396536963
0.0313146984501
