109313
0.0596635349867
0.0269043938049
0.0205465040755
0.0138409887205
0.0820396476174
0.0337562778444
0.0174819097454
0.0236842827477
0.0444594878926
0.00526927263912
0.021507048567
0.112630702661
0.0240685005443
0.010465360936
0.00567178652127
0.00579985912014
0.00485761071419
0.0122034890635
0.0198512528245
0.0174270214888
0.0051594961258
0.0207569090593
0.0408826031671
0.00740076660598
0.0160639631151
0.0090108221346
0.0153046755647
0.0154601922919
0.00425383989096
0.00517779221136
0.0071629174938
0.0100628470539
0.00723610183601
0.0031194825867
0.0122492292774
0.0208209453587
0.013493363095
0.0214704563959
0.0305361667871
0.0227511823845
0.0108861709037
0.0197597723967
0.00625726125895
0.00495823918473
0.0073550263921
0.0197780684822
0.0329329539945
0.0475698224365
