999819
0.0505611515684
0.0281590967965
0.0240473525708
0.0657749052579
0.0232982169773
0.0277240180473
0.0721260548159
0.0708448229129
0.0222180214619
0.0147606716816
0.0120311776432
0.00791243215022
0.00938569881148
0.00891461354505
0.00897162386392
0.0136674738128
0.00469484976781
0.012149199005
0.00725731357376
0.0057630431108
0.00618812004973
0.00356864592491
0.00436979093216
0.00329559650297
0.0235282586148
0.00255346217665
0.00745034851308
0.00986478552618
0.0071212889533
0.00924967419103
0.0064741718251
0.00386569969164
0.00322558383067
0.00922566984624
0.0103038649996
0.0272379300653
0.0105759142405
0.0505711533788
0.00902863418279
0.00585105904169
0.00976376724187
0.0405343367149
0.0130503621155
0.085619497129
0.0388590334851
0.046244370231
0.0286711894853
0.0334460537357
