694727
0.0305328567912
0.0226549421571
0.0279462292382
0.0129979114098
0.0101234009906
0.0109956860752
0.0117211508981
0.0122638101009
0.0153743844704
0.0125991936401
0.00629455886989
0.010725076181
0.0184878376686
0.00646297034663
0.0160926522217
0.0723464036953
0.0355276245201
0.0276410734001
0.0527617323064
0.0405886053083
0.0275834968268
0.0169030424901
0.0182316219177
0.00909278032954
0.00996074717119
0.00198639177691
0.00357694461278
0.0549237326317
0.121869453757
0.0702693288155
0.0113929644306
0.00921944879068
0.00732086128796
0.0112029617389
0.0045499887006
0.0136902697031
0.00846519568118
0.0149353630995
0.0106012865485
0.0125056317086
0.0130569273974
0.00401884481242
0.00481340152319
0.00899058191203
0.00768215428506
0.0111410669227
0.0205821855204
0.0372952253187
