1398522
0.0400122414949
0.0118997055463
0.00278007782502
0.0146976593861
0.00920257243004
0.0925062315788
0.190315919235
0.0736742074848
0.0130401952919
0.0217343738604
0.00127634745825
0.00350727410795
0.000562021905984
0.00226667867935
0.00194348033138
0.00210650958655
0.0013006588384
0.00035823533702
0.0131031188641
0.00243685834045
0.00806851804977
0.000308897536113
0.0112647494998
0.05045111911
0.13242980804
0.00238823558013
0.0629385880236
0.129910004991
0.00500671423117
0.00327631599646
0.0197208195509
0.0019713669145
0.00240754167614
0.00129708363544
0.00631595355668
0.0164366381079
0.00399493179228
0.00151731613804
0.00198352260458
0.00228812989713
0.0072347807185
0.00204287097379
0.00237250468709
0.00104467430616
0.0011505003139
0.00414652039796
0.00517045852693
0.0141370675613
