823933
0.0484505414882
0.0375637339444
0.0407229714067
0.0140751735881
0.0248600310948
0.0281576293218
0.105451535501
0.0858297944129
0.0295206042239
0.0260494481954
0.0146965833387
0.0144611273004
0.0290217772562
0.0104595883403
0.0116878435504
0.0100238733004
0.0371510790319
0.0112460600559
0.00530625669806
0.00638401423417
0.0123505187922
0.00970103151591
0.0100881989191
0.00581964795681
0.00546767759029
0.00466421420188
0.00588640095736
0.00341896731894
0.00547131866305
0.0077627671182
0.00842665605092
0.0231013929531
0.00971802318878
0.00424306345297
0.0183461519323
0.0131418452714
0.00518003284248
0.0161772862599
0.00891820087313
0.00907962176536
0.0266975591462
0.00998867626373
0.0168193287561
0.0490452500385
0.0294866208782
0.0358584982031
0.0304175218131
0.0236038609936
