3340308
0.00836389937694
0.00476902129983
0.00661675510163
0.00392478777406
0.00715353194975
0.00781035760774
0.0213806631005
0.0399421250974
0.015609339019
0.00944493741296
0.00997333180054
0.00659460145591
0.00696612408197
0.00504594187123
0.00784418682349
0.00294613550607
0.0141241466356
0.00329849822232
0.00310989286018
0.00317186319345
0.00372241122675
0.00320748865075
0.0065275417716
0.0986711405056
0.105840239882
0.0457628458214
0.0323607882866
0.02136060507
0.0239968889096
0.0184309351114
0.0108406170928
0.00930004059506
0.0122054612928
0.00792861017607
0.00742027381906
0.0042906223019
0.0118201674816
0.0134882771289
0.0169753807134
0.00732207928131
0.0674291113275
0.0398933272022
0.0910586688413
0.0615622870705
0.0218587627249
0.0223314736246
0.0194335372666
0.0268702766332
