523992
0.0171185819631
0.0166758271119
0.0257408510054
0.0194258690972
0.0389299836639
0.035200919098
0.0175613368143
0.0242599123651
0.0308611581856
0.0222617902563
0.0118093406006
0.0110192522023
0.0114982671491
0.0149754194721
0.0097654162659
0.0143246461778
0.012164307852
0.0151242767065
0.00654208461198
0.00858982579887
0.00851348875555
0.00547145757951
0.0101337424999
0.0139639536481
0.0125173666774
0.00489702132857
0.00587604390907
0.00781500480923
0.0170823218675
0.0218381196659
0.053353867998
0.00625200384739
0.00311073451503
0.0245404509993
0.00777301943541
0.00556687888365
0.0440178476007
0.0475904212278
0.0398841967053
0.12300760317
0.00341799111437
0.00127673704942
0.00390845661766
0.0240251759569
0.0479129452358
0.0150135879937
0.0464568161346
0.0309336783768
