706260
0.0136805142582
0.0054696570668
0.0305878854813
0.0260173307281
0.0135120210687
0.00913402996064
0.360950641407
0.0913629541529
0.0413997677909
0.0147835074902
0.0238014329001
0.0155962393453
0.0116345255288
0.0165647212075
0.0140472347294
0.017636564438
0.00586327981197
0.00483532976524
0.00716166850735
0.0114362982471
0.00911987086909
0.010432418656
0.00531390705972
0.00620592982754
0.00742644351938
0.00322827287401
0.0022569591935
0.00280208421828
0.00268597966754
0.00566646843938
0.00475603885255
0.0207558123071
0.00637017528955
0.00455214793419
0.0032665024212
0.0042194092827
0.00812307082378
0.0119474414522
0.00636309574378
0.00596239345284
0.0118879732676
0.0146829779401
0.00419958655453
0.012256109648
0.0152535893297
0.0151516438705
0.0149505847705
0.0446875088494
