423393
0.0152954819754
0.0218638475364
0.0206758260056
0.0133091477658
0.0170314577709
0.00816262904677
0.0405533393325
0.0419492055844
0.042931744266
0.0148231076092
0.0255058538993
0.0263962795795
0.0106048045197
0.0158316268809
0.0181722418651
0.0142609821135
0.0106071663915
0.00867987897769
0.00768789280881
0.00740919193279
0.00947819165645
0.0273410283118
0.0235266053052
0.0245256770896
0.0335078756616
0.0108173729844
0.0125344538053
0.0222771751068
0.00976634001979
0.0167055194583
0.00646916694419
0.00670771599908
0.00480877104723
0.019024877596
0.0137602652854
0.00707144426101
0.023892695439
0.0219748555125
0.0130658749672
0.0186021025383
0.00943331609167
0.028481812406
0.0140743942389
0.0236872125897
0.0535814243504
0.0525894381815
0.0445401789826
0.0660025083079
