1376664
0.0493976743781
0.0396116990057
0.0430468146185
0.0721105513037
0.0596703335019
0.0675662325738
0.0347136265639
0.0265649424987
0.0221136021571
0.0133068054369
0.0174755786452
0.0113557120692
0.0083331880546
0.010186944672
0.0219675970317
0.0213370873358
0.0190148068083
0.0171893795436
0.0083738660995
0.0122891279208
0.0155353811823
0.0312806901321
0.0284034448493
0.0129269015533
0.00327240343323
0.00477894388173
0.00363342108169
0.00420581928488
0.00763512374842
0.00751308961373
0.00774844115921
0.0110789560851
0.00918960617841
0.00605957590233
0.00991454704997
0.00572761400022
0.00810945880767
0.00737652760586
0.00481090520272
0.0037939540803
0.00294915825503
0.0113934845394
0.0102130948438
0.026755984031
0.0234370914036
0.0456545678539
0.0636190094315
0.0473572345903
