363895
0.0486486486486
0.0277360227538
0.0233638824386
0.0274062572995
0.0225009961665
0.0310089448879
0.0127756633095
0.0154797400349
0.00855466549417
0.0342488904766
0.045001992333
0.0822490003985
0.0956759504802
0.0676596270902
0.0511795985106
0.0338146992951
0.0181013753967
0.0339850781132
0.0130724522184
0.0277112903447
0.00994792453867
0.00357520713393
0.00684263317715
0.00445458167878
0.0147432638536
0.00187416699872
0.00171203231701
0.00375932617926
0.00408084749722
0.00196485249866
0.00646615095014
0.00700476785886
0.00184119045329
0.00345154508856
0.00596600667775
0.00566921776886
0.0236606713475
0.00806551340359
0.00725483999505
0.00774399208563
0.00855191744871
0.00662278954094
0.00468816554226
0.00449855040602
0.0118907926737
0.023135794666
0.0397532255184
0.050605257011
