980175
0.0142923457546
0.00361874155125
0.00614176039993
0.0102196036422
0.017900885046
0.0596628153136
0.0670961818043
0.00266381003392
0.00760170377739
0.00504399724539
0.0526477414747
0.0734124008468
0.0067722600556
0.0162542403142
0.0129976789859
0.00723544265055
0.0178763996225
0.00538679317469
0.00463182594945
0.00463896753131
0.00764047236463
0.0156227204326
0.0120294845308
0.00393909250899
0.034935598235
0.0144310964879
0.0144086515163
0.0544361976178
0.00948606116255
0.0164593057362
0.0119060371872
0.0189007065065
0.0129078990997
0.00894942229704
0.00752110592496
0.0383513148162
0.0223500905451
0.0149401892519
0.00692733440457
0.103144846584
0.0164542046063
0.0466222868365
0.0172846685541
0.00765067462443
0.0300354528528
0.0161909863035
0.0144923100467
0.0258861937919
