260751
0.069503089154
0.0371772303845
0.0644676338729
0.0872288121618
0.0285214630049
0.0122185533325
0.0309145506633
0.0157314832925
0.0200881300551
0.0195742298208
0.0198350150143
0.00524254940537
0.0276700760496
0.037671955237
0.0171964824679
0.0109491430522
0.0271983616554
0.0211466111348
0.0268953906217
0.0120459748956
0.0135723352931
0.00520036356524
0.00555319059179
0.0152712741274
0.0218407599587
0.0411695448915
0.0115857657305
0.0240535990274
0.0107573892334
0.00699134423262
0.00877465474725
0.00594820345847
0.00241609811659
0.00180632097288
0.0089395630314
0.0151562218362
0.00454073042865
0.0147650440459
0.00718693312777
0.00811885668703
0.00562605704293
0.0116049411124
0.0371350445444
0.0180440343469
0.015206077829
0.024253022999
0.0123182653183
0.0508876284271
