3193922
0.0381787657933
0.0554947803985
0.0708843234118
0.023735081821
0.0235008869972
0.0203664961136
0.0153685656694
0.0157749625695
0.00471645832303
0.00604867620437
0.00664793942995
0.00312562423253
0.00601360959973
0.00808629640924
0.00354172706785
0.0088449248291
0.0197089972767
0.0606310986931
0.0641048842145
0.0249999843453
0.0619442177987
0.133690490876
0.0150251008008
0.0191391649514
0.012530362357
0.0102601128018
0.0139618312532
0.0113099192779
0.0247967858952
0.00911293387879
0.0114717892297
0.0100597322039
0.0113133633195
0.00310308141526
0.00680041654117
0.0172659194558
0.00694631866401
0.00915394928242
0.0119404919719
0.0101070095012
0.00710568385828
0.00579506951015
0.00696948767064
0.0159255611126
0.019756274574
0.00848110880604
0.0186263158587
0.0276334237342
