261804
0.0351828085132
0.0203892988648
0.0488151441536
0.0575277688653
0.0432881086614
0.125353317749
0.0250760110617
0.0323600861713
0.0105155001451
0.00982032360086
0.00332309666774
0.00540862630059
0.00524820094422
0.0122572611572
0.0143695283495
0.00579059143481
0.0126812424562
0.0153817359551
0.00899527891094
0.0137774823914
0.0133955172572
0.0100915188462
0.0064857679791
0.00985852011428
0.0202365128111
0.0150723441964
0.0104620250264
0.00867060854685
0.00461413882141
0.0266955432308
0.0051106934959
0.00470199080228
0.0104429267696
0.00728407510962
0.0144573803303
0.00270813280164
0.00729553406365
0.0156338329437
0.0532344807566
0.0165811064766
0.00469817115094
0.0256604177171
0.0275893416449
0.0169707109135
0.0129218804907
0.0529671051626
0.0503277260852
0.0402705841011
