328663
0.0265347787856
0.0367336755278
0.0430714744282
0.0142516802926
0.065060563556
0.00898184462504
0.00749704104204
0.0144981333463
0.0556801343626
0.0167953192176
0.0374608641679
0.033246821212
0.013591429519
0.0128216440549
0.00566537760563
0.00776174987753
0.0260023184843
0.0140660798447
0.0031886765471
0.00241280582238
0.00364202846076
0.00451222072457
0.00750921156321
0.0129098803334
0.0165275677518
0.00597572589552
0.0100132962944
0.00948692125369
0.013436255374
0.0317863586713
0.00769785464138
0.0110508332243
0.0231452886391
0.00564103656329
0.00708628595248
0.0083885317179
0.00383067153893
0.0112364336722
0.0120123043969
0.0053732850975
0.003976717793
0.0128916245516
0.0208207190952
0.0232669938508
0.0715322381893
0.0893529238156
0.0536324441753
0.0679419344435
