224355
0.0395221858216
0.0310891221502
0.0290878295558
0.0441131242896
0.0146018586615
0.0113302578503
0.00640948496802
0.0143210536872
0.0177397428183
0.0229903501148
0.0117091217044
0.0528359073789
0.0416037084085
0.0267477881037
0.03128523991
0.0283122729603
0.0255265093267
0.0343919235141
0.0112946000758
0.0224331973881
0.00910610416527
0.024514719975
0.0106616745782
0.00771545095942
0.0278932941098
0.00461768179893
0.00460876735531
0.00870049698023
0.0105279579238
0.0148826636358
0.0165452073722
0.0216041541307
0.0293151478683
0.0128635421542
0.00348109023646
0.0148068908649
0.0109959662143
0.0262441220387
0.00588799001582
0.00629805442268
0.00476031289697
0.00911056138709
0.0146152303269
0.00858906643489
0.0135187537608
0.0207661964298
0.0596153417575
0.0804082815181
