1697122
0.0534982163922
0.0304892635886
0.0231344593966
0.0219506906398
0.0193515846239
0.0249775796908
0.0297497763861
0.00503204837366
0.0101271446602
0.0178484516729
0.0609325670164
0.104499853281
0.0252833915299
0.0611317277132
0.0340482298857
0.110696225728
0.0243211743175
0.0184712707749
0.00835650000412
0.00735480419204
0.00934582192677
0.010207869558
0.00381292564707
0.0135258396273
0.0186120974214
0.0102178865161
0.0115607481371
0.00894101897212
0.00840540632907
0.00375518082966
0.00841483405436
0.00157089472648
0.00516992885603
0.00990264695172
0.0029019716909
0.0125323930749
0.0257789363405
0.0301698993944
0.0118041012962
0.0096734353806
0.0128411510781
0.00346586750982
0.010743482201
0.00889270188001
0.00497253585776
0.00788275680829
0.0242834634163
0.0193592446506
