1343887
0.0131253594982
0.044662981337
0.0363899643348
0.0315562245933
0.0433994822481
0.0167588495164
0.0244060698556
0.00754974190538
0.0145667009205
0.00452046935494
0.00717768681444
0.00592832581906
0.00730492965554
0.00625945485
0.00516635699281
0.00337379556466
0.00404498294872
0.00516858932336
0.00488210690333
0.00217949872273
0.00612030624599
0.00194361579508
0.00241389343003
0.00145696773613
0.00512543093281
0.00208499672964
0.00262745305223
0.0027807397497
0.00261405906895
0.00159537222996
0.0025627154664
0.00161992786596
0.00299132293117
0.00279190140242
0.00315502717118
0.00656974879584
0.00445349943857
0.00608012429616
0.0105001387765
0.0172410329142
0.0787305777941
0.0273653960489
0.0197449636763
0.237678465526
0.0607677580035
0.0661863683479
0.036456190141
0.0979204352747
