533215
0.0220005063623
0.0245885805913
0.0127134457958
0.00556060876007
0.0712001725383
0.023437075101
0.0157197378168
0.00363830724942
0.058721153756
0.0117175998425
0.036309931266
0.0230526147989
0.00677962923024
0.0165617996493
0.0137543017357
0.00428907663888
0.0031375711486
0.00280562249749
0.00493421978001
0.00354078561181
0.00232176514164
0.00323509278621
0.000958337631162
0.00117025965136
0.00723347992836
0.0201250902544
0.00439597535703
0.0209465225097
0.00892698067384
0.0269140965652
0.00196168524891
0.00941083802969
0.032643492775
0.0214059994561
0.0324428232514
0.0111174666879
0.0787430961245
0.0328929231173
0.00967902253312
0.0346895717487
0.00067702521497
0.0306067908817
0.0401657867839
0.056793225997
0.0556529730034
0.043798467785
0.0101253715668
0.0365030991251
