0.02643837
0.02602717
0.00616576
0.01816876
0.01733332
0.01985271
0.02816148
0.01239897
0.00932914
0.01490748
0.01634993
0.02297475
0.01814918
0.00754077
0.03157941
0.01333232
0.02247218
0.07037106
0.04719832
0.0716982
0.05784155
0.01458984
0.01699609
0.05386666
0.03247142
0.00718179
0.01023203
0.00990786
0.01536001
0.03658773
0.02191522
0.00835663
0.00519978
0.00881569
0.01549055
0.01181155
0.02449117
0.01024291
0.02159757
0.00880264
0.01195079
0.01103049
0.01595831
0.00997313
0.01535131
0.01281452
0.01086732
0.01984618
